## Field List in row and column form:

    0 1 2|3 4 5|6 7 8
  --------------------
0 | 1,1,2|1,0,0|0,1,0|
1 | 0,2,2|0,0,0|1,0,0|
2 | 0,0,1|1,0,1|2,0,0|
  |------------------|
3 | 0,0,0|0,0,0|0,1,2|
4 | 2,2,0|2,0,0|1,0,1|
5 | 0,1,0|0,1,0|0,1,0|
  |------------------|
6 | 1,2,2|0,1,2|0,0,0|
7 | 0,1,1|0,1,0|0,0,0|
8 | 0,0,0|0,0,2|0,0,0|
  --------------------

## Actual field list input:
1,1,2,1,0,0,0,1,0,0,2,2,0,0,0,1,0,0,0,0,1,1,0,1,2,0,0,0,0,0,0,0,0,0,1,2,2,2,0,2,0,0,1,0,1,0,1,0,0,1,0,0,1,0,1,2,2,0,1,2,0,0,0,0,1,1,0,1,0,0,0,0,0,0,0,0,0,2,0,0,0

## Example input
settings your_botid 1
update game field 1,1,2,1,0,0,0,1,0,0,2,2,0,0,0,1,0,0,0,0,1,1,0,1,2,0,0,0,0,0,0,0,0,0,1,2,2,2,0,2,0,0,1,0,1,0,1,0,0,1,0,0,1,0,1,2,2,0,1,2,0,0,0,0,1,1,0,1,0,0,0,0,0,0,0,0,0,2,0,0,0 
update game macroboard -1,0,0,0,0,0,0,0,0
action move 10000
